D = [0.058 0.34 5 1.00 1 1 2 1 3 2
0.029 0.16 2 0.75 2 1 2 1 0 2
0.013 0.14 2 0.75 2 1 2 1 0 1
0.072 0.24 5 0.75 2 2 2 1 1 2
0.020 0.17 2 0.50 2 2 1 2 1 4
0.012 0.15 1 0.25 1 1 2 2 0 4
0.045 0.27 1 0.67 1 1 2 2 3 4
0.243 0.50 5 1.00 1 1 2 2 3 4
0.013 0.13 1 0.33 2 1 2 1 1 1
0.018 0.23 2 0.08 1 2 2 1 1 1
0.035 0.29 2 0.83 1 2 2 2 3 2
0.018 0.19 3 0.92 1 2 2 2 3 2
0.041 0.23 5 0.58 1 2 2 1 3 2
0.010 0.14 5 0.75 1 1 2 1 0 2
0.034 0.25 5 0.50 1 1 2 2 3 1
0.038 0.11 5 0.92 1 2 1 2 2 4
0.054 0.18 2 0.67 1 2 2 1 2 2
0.014 0.12 1 0.83 1 1 2 2 3 1];
