# Created by Octave 5.2.0, Fri Jul 24 15:21:38 2020 CEST <melian@melian-XPS-13-9350>
# name: Rmedian
# type: matrix
# rows: 18
# columns: 11
 3.2799762654321687 1.8479102932451528 49.999304655344922 2.4156222342304785 -9.2475726065596273 -1.5715218125467292 0 -1.4451588917913809 45.559167981494262 0 90.837728118849242
 2.5910890768678665 -3.5406657971726658 2.034131183399539 1.4509072709301094 -1.4250765533742846 0 -2.0551579692820452 -0.42959598275465249 1.776625576853311 10.098672096515347 10.500928901982526
 0 -1.4672946163248661 -38.898795810828197 1.6119898013248857 0 -9.8906065592611139 0 -1.3761590260229279 -6.3540610358347118 -9.5523067878283037 -65.927234034775225
 0 -1.6974517440620982 41.95027537936037 0.7669410456240946 0 -3.1695962786466545 5.4401567826617567 -9.3251361545805036 1.5702522283071156 -23.791348068396417 11.74409319026767
 1.756266751265799 -2.0733711808477997 10.268839841049889 0 5.9549994995067781 9.6755572291862713 -10.974817486196866 -1.0147946006264703 7.4523672179313678 -1.3124329163774822 19.732614354891489
 0 1.9762811075933475 -2.9865864903096724 0 0 -3.876340181179982 0.2781158293826782 0.98680909822734919 -23.252221085428801 -7.1565861974956633 -34.030527919210741
 -1.4571944412007687 0.21879598322788585 -39.220750963453781 -4.7642052541129578 2.9643186934340573 -1.6953890606020179 0 0.34180927724430399 0.092943375139809881 4.3433873171962833 -39.17628507312719
 0 1.9247322108335885 44.744290452846663 -0.34232107244563414 -11.856475897416367 2.0575417222718331 1.4661533491473797 6.4512939522197525 17.449521689832324 25.140639127527088 87.035375534816623
 0 -1.6974517440620982 2.541492571866105 3.6264114837494041 5.3717770175534927 -4.7913707921361119 -2.5185389154879227 3.9132074969249899 0.69549773078604038 1.5535197865849713 8.69454463577887
 0 0 3.2339589785913372 1.3908249866564706 0.59762221837139884 -0.85061864568289991 4.6739096211836824 -10.421666226340161 -10.27799423148578 1.3432448589839376 -10.310718439722013
 0 -0.96195029170730817 1.4794934973950769 0.68563307679678043 2.1398446974143437 4.0122122557466433 3.6819274957240182 -3.980566014473792 -2.2521984432852142 -0.079751191733636873 4.7246450818769095
 1.8711791184713735 4.3409358620783802 -16.774140386973425 0.8752472594853814 2.027462142126554 0 -1.1054145714594945 -0.27226498549748501 -1.5840380072022473 0.70668669344297608 -9.914346875527988
 0 -0.96195029170730817 3.0378807320405654 0 -2.7103121994667441 5.1473357072422434 -4.4152325717027834 -2.6321648566634783 13.285961999211718 -2.7375406857123226 8.0139778332418921
 0.59113684923122434 0 0.25071067251620116 0 -0.38432271122296635 -2.6132958031312503 -1.1054145714594945 -2.8862802326955661 -6.3841840679493167 -0.45362651440307977 -12.985276379114248
 -3.3373650647840902 4.3924847588381386 -1.956855778719893 0 1.9764095535713457 -4.2035177901610812 0 -4.696153345620548 7.2197641112470343 -8.7110555120634316 -9.3162890676925265
 0 -1.6291143100172669 1.7395368042963577 0 -2.4179054552948527 -6.5153813154957065 -2.8539907956381207 -0.12700405124935576 2.2833981904256984 6.7932857867068304 -2.7271751462664167
 5.3283257873087848 0 1.6741517174433698 0 -3.6778697725014649 -0.94276904417459062 0 0 -1.7895186513555621 8.2164702117934727 8.8087902485140095
 0 0 0 0 0 0 0 0 0 0 0
